42 25
62
1 42 1
2 14 12
2 33 25
3 3 5
3 14 10
3 16 17
3 17 62
3 19 56
3 20 61
3 21 60
3 22 18
3 29 50
3 37 49
3 39 39
4 19 61
4 24 34
4 32 59
4 40 24
5 17 62
5 18 15
5 19 60
5 26 56
5 30 46
5 32 47
5 41 49
6 6 14
6 15 16
6 16 19
6 17 18
6 26 33
6 33 59
7 4 4
7 6 13
7 15 17
7 21 55
7 22 53
7 24 34
7 26 35
7 31 48
8 6 7
8 17 13
8 21 54
8 24 33
8 26 57
9 6 12
9 15 3
9 16 41
9 17 42
9 21 53
9 23 52
9 24 32
9 30 57
9 38 47
10 6 11
10 27 35
10 33 45
10 37 58
11 6 10
11 20 55
11 25 21
11 29 51
11 34 26
11 37 46
12 7 11
12 8 5
12 20 19
12 21 54
12 36 58
13 20 52
14 22 42
14 30 29
14 31 45
15 6 9
15 7 8
15 8 6
15 12 16
15 24 32
15 25 51
15 37 28
16 6 8
16 18 36
16 21 38
16 25 44
16 26 50
16 28 30
16 37 27
17 7 7
17 19 41
17 20 22
17 22 22
17 26 43
17 27 23
17 28 31
17 37 26
18 6 6
18 19 36
18 22 21
18 26 27
18 37 25
19 9 9
19 10 15
19 13 14
19 19 37
19 21 20
19 22 44
19 28 43
19 30 31
19 37 24
20 25 38
20 26 39
20 27 40
20 28 28
20 30 30
20 37 23
21 2 2
21 16 4
21 21 20
21 23 37
21 25 48
21 30 29
22 3 3
23 4 2
23 26 40
25 1 1
