48 35
40
1 15 4
3 12 2
4 12 3
4 31 12
4 45 32
5 20 9
5 45 33
6 45 34
7 21 10
7 45 35
8 11 5
8 45 36
9 9 1
9 12 6
9 45 37
10 21 11
10 45 38
11 45 39
14 16 7
14 18 8
17 23 13
18 19 13
19 17 6
19 26 11
19 28 7
19 29 8
20 28 1
20 37 33
20 38 32
20 39 39
22 21 9
22 23 12
23 1 15
23 6 15
23 7 4
23 8 14
23 21 14
23 25 10
23 37 34
24 1 16
24 6 16
24 7 3
24 8 5
25 1 2
25 8 17
25 38 36
26 6 19
26 7 17
26 13 25
26 44 35
27 13 21
27 35 26
27 36 28
28 3 18
28 10 20
28 11 18
28 13 25
28 38 40
28 45 40
29 11 20
29 13 22
29 21 22
29 22 23
29 30 23
29 45 37
30 6 19
30 30 26
30 37 38
31 30 24
31 37 30
31 39 31
31 44 31
31 46 30
32 13 21
32 27 24
32 37 29
32 46 29
33 31 27
33 36 28
34 36 27
