48 48 48 48 48 48 48 48 48 48 48 48 48 48 48 48 48 48 48 48 48 48 48 48 48 48 48 48 48 48 48 24 24 24 24 24 49 49 49 49 49 1 
48 12 12 12 12 12 12 12 12 12 12 12 12 12 15 15 15 15 56 56 56 56 56 56 56 56 57 57 57 57 48 24 25 25 25 24 49 24 24 24 49 1 
48 12 5 5 5 5 5 5 10 10 10 10 10 10 15 17 62 15 56 61 60 18 33 33 33 56 57 50 50 57 48 24 24 24 25 24 49 24 39 24 49 1 
48 12 12 12 12 12 12 5 10 15 15 15 15 15 15 17 62 15 61 61 60 18 33 34 33 56 57 50 57 57 48 59 59 24 25 24 24 24 39 24 49 1 
48 14 14 14 14 14 12 5 10 15 17 17 17 17 17 17 62 15 60 60 60 18 33 34 33 56 57 50 57 46 48 47 59 24 25 25 25 25 39 39 49 1 
48 14 13 13 13 14 12 5 10 15 17 16 16 16 16 19 18 18 18 18 18 18 33 34 33 33 57 50 57 46 48 47 59 24 24 24 24 25 25 39 39 1 
48 14 13 4 13 13 12 5 10 15 17 16 17 17 17 19 19 19 55 55 55 53 33 34 35 35 57 50 57 46 48 47 47 47 47 47 24 24 25 25 39 1 
48 14 13 4 7 7 12 5 10 15 17 16 17 13 13 13 13 19 55 54 54 53 33 33 35 57 57 50 57 46 46 46 46 46 46 47 47 24 24 25 39 1 
48 14 13 4 7 12 12 5 10 15 17 16 17 13 3 41 42 19 55 54 53 53 52 32 35 35 35 50 57 57 23 23 23 23 46 46 47 47 24 25 39 1 
48 14 13 4 7 11 11 5 10 15 17 16 17 13 3 41 42 19 55 54 54 52 52 32 32 32 35 50 50 50 23 45 45 23 23 46 58 58 24 25 39 1 
48 14 13 4 7 10 11 5 10 15 17 16 17 13 3 41 42 19 55 55 54 52 21 21 21 32 51 51 51 50 23 45 26 26 23 46 46 58 24 25 39 1 
48 14 13 4 7 10 11 5 10 15 17 16 17 13 3 41 42 19 19 19 54 52 21 32 32 32 51 50 50 50 23 45 26 23 23 58 58 58 24 25 39 1 
48 14 13 4 7 10 10 10 10 15 17 16 17 13 3 41 42 42 42 52 52 52 21 32 51 51 51 50 23 23 23 45 26 23 24 24 24 24 24 25 39 1 
48 14 13 4 7 9 9 9 9 15 17 16 17 13 3 41 41 41 42 42 42 42 21 32 51 50 50 50 23 29 45 45 26 23 24 25 25 25 25 25 39 1 
48 14 13 4 7 9 8 6 9 15 17 16 17 13 3 3 3 41 41 22 22 22 21 32 51 50 23 23 23 29 29 29 26 23 24 25 28 28 28 28 39 1 
48 14 13 4 7 8 8 6 9 15 17 17 17 13 13 13 3 36 41 22 38 22 21 44 44 50 23 30 30 30 30 29 26 23 24 25 27 27 27 28 39 1 
48 14 13 4 7 7 7 6 9 15 4 4 4 4 4 13 3 36 41 22 38 22 21 44 43 43 23 31 31 31 30 29 26 23 24 25 26 26 27 28 39 1 
48 14 13 4 4 6 6 6 9 15 4 13 13 13 4 13 3 36 36 38 38 21 21 44 43 27 27 27 27 31 30 29 26 23 24 25 25 26 27 28 39 1 
48 14 13 13 4 4 4 4 9 15 4 13 14 13 4 13 3 3 37 38 20 44 44 44 43 43 43 43 27 31 30 29 26 23 24 24 24 26 27 28 39 1 
48 14 14 13 13 13 13 4 4 4 4 13 14 13 4 13 13 3 37 38 20 38 38 38 38 39 40 28 27 30 30 29 26 23 23 23 23 26 27 28 39 1 
48 2 14 14 14 14 13 13 13 13 13 13 14 13 4 4 13 3 37 38 20 38 37 48 48 39 40 28 27 29 29 29 26 26 26 26 26 26 27 28 39 1 
48 2 3 3 3 14 14 14 14 14 14 14 14 13 13 13 13 3 37 38 38 38 37 48 39 39 40 28 27 27 27 27 27 27 27 27 27 27 27 28 39 1 
48 2 2 2 3 3 3 3 3 3 3 3 3 3 3 3 3 3 37 37 37 37 37 48 39 40 40 28 28 28 28 28 28 28 28 28 28 28 28 28 39 1 
48 48 48 48 48 48 48 48 48 48 48 48 48 48 48 48 48 48 48 48 48 48 48 48 39 39 39 39 39 39 39 39 39 39 39 39 39 39 39 39 39 1 
1 1 1 1 1 1 1 1 1 1 1 1 1 1 1 1 1 1 1 1 1 1 1 1 1 1 1 1 1 1 1 1 1 1 1 1 1 1 1 1 1 1 
