23 23 20 20 15 15 6 6 6 6 6 6 6 9 9 9 9 
20 23 20 15 15 6 6 21 21 21 21 21 6 17 17 17 9 
20 20 20 2 2 2 2 2 2 6 6 21 6 1 1 1 1 
2 2 2 2 5 5 28 28 2 6 21 21 6 1 18 18 1 
2 5 5 27 27 5 28 11 2 6 21 29 6 1 14 18 1 
2 8 5 5 27 5 11 11 2 6 29 29 6 1 14 14 1 
2 8 8 5 5 5 2 2 2 6 6 6 6 1 1 14 1 
2 19 2 2 2 2 2 7 1 1 1 1 1 3 1 14 1 
2 19 2 7 24 24 24 7 1 26 10 10 1 3 14 14 1 
2 19 2 7 7 7 7 7 1 26 26 10 1 3 14 25 1 
2 19 2 2 2 2 2 2 1 10 10 10 1 3 14 25 1 
2 19 4 4 4 4 4 4 1 10 22 1 1 3 14 25 1 
2 19 4 12 12 12 12 2 1 10 22 1 3 3 14 14 1 
2 19 4 12 4 4 12 2 1 10 22 1 3 16 3 3 1 
2 2 4 4 4 12 12 2 1 10 22 1 3 16 16 3 1 
13 2 2 2 2 2 2 2 1 10 10 1 3 3 3 3 1 
13 13 13 13 13 13 13 13 1 1 10 1 1 1 1 1 1 
