10 10 10 10 6 6 6 6 6 6 11 11 11 11 11 
10 3 3 6 6 6 6 6 6 6 6 6 6 11 11 
10 3 3 4 4 4 4 4 2 2 6 6 6 12 12 
10 10 4 4 1 1 4 4 2 2 9 9 9 12 12 
10 10 4 4 1 1 9 9 9 2 9 9 9 2 2 
4 4 4 4 4 9 9 9 9 2 2 2 2 2 2 
10 10 10 10 10 9 9 9 9 8 8 12 12 2 2 
10 1 1 10 10 9 9 1 1 8 8 12 12 5 5 
10 1 1 1 1 1 1 1 1 8 12 12 12 5 5 
10 1 1 2 2 1 1 1 1 8 8 8 7 7 5 
10 10 10 2 2 10 10 10 10 10 10 8 7 7 5 
10 10 10 2 2 10 5 5 5 8 8 8 5 5 5 
10 10 10 10 10 10 5 5 1 1 1 3 5 7 7 
10 10 9 9 9 9 5 5 1 1 3 3 7 7 7 
10 10 9 9 9 9 5 5 1 1 3 3 7 7 7 
