5 5 5 10 10 10 10 10 10 10 11 11 11 11 11 
5 3 5 6 6 6 6 6 6 10 10 10 10 10 11 
5 3 5 5 5 5 5 5 6 6 6 6 6 10 10 
5 3 3 3 3 3 3 5 2 2 2 2 2 12 10 
5 5 5 5 5 5 3 5 9 9 9 9 2 12 10 
4 4 4 4 4 5 3 5 9 2 2 2 2 12 10 
5 5 5 5 5 5 3 5 9 2 12 12 12 12 10 
5 3 3 3 3 3 3 5 5 2 12 10 10 10 10 
5 3 1 1 1 1 1 1 5 2 12 10 5 5 5 
5 3 1 5 5 5 5 5 5 2 10 10 5 7 5 
5 3 1 5 2 2 2 2 2 2 10 8 5 7 5 
5 3 1 5 5 5 5 5 5 8 8 8 5 7 5 
5 3 1 1 1 1 1 1 1 1 1 3 5 7 5 
5 3 3 3 3 3 3 3 3 3 3 3 7 7 5 
5 5 5 5 5 5 5 5 5 5 5 5 5 5 5 
