8 8 8 8 8 8 8 8 8 14 14 14 14 14 14 14 14 14 14 14 
8 9 9 9 9 9 9 9 14 14 13 13 13 13 13 13 13 13 13 14 
8 9 12 8 8 8 8 9 14 13 13 14 14 14 14 14 14 14 13 14 
8 9 12 8 1 1 8 9 14 14 14 14 9 9 9 9 9 14 13 14 
8 9 12 8 8 1 8 9 9 9 9 9 9 14 14 14 14 14 13 14 
8 9 12 12 8 1 8 8 8 8 6 6 6 14 13 13 13 13 13 14 
8 9 9 12 8 1 6 6 6 8 6 3 6 14 13 2 2 2 2 2 
8 8 9 12 8 1 6 5 6 8 6 3 14 14 13 13 13 13 13 2 
6 8 9 12 8 1 6 5 6 8 6 3 14 7 7 7 7 7 13 2 
6 8 9 12 8 1 6 5 6 6 6 3 14 7 10 10 10 7 13 2 
6 8 9 12 8 1 6 5 5 3 3 3 14 7 10 7 7 7 13 2 
6 8 8 12 8 1 6 4 5 3 14 14 14 7 10 7 2 2 2 2 
6 6 8 8 8 1 6 4 5 3 14 7 7 7 10 7 7 7 7 7 
11 6 1 1 1 1 6 4 5 3 14 14 14 14 10 10 10 10 10 7 
11 6 1 6 6 6 6 4 5 3 11 11 11 14 14 11 11 11 10 7 
11 6 1 6 4 4 4 4 5 3 3 3 11 11 11 11 4 11 10 7 
11 6 1 6 4 5 5 5 5 4 4 4 4 4 4 4 4 11 10 7 
11 6 1 6 4 4 4 4 4 4 11 11 11 11 11 11 11 11 10 7 
11 6 6 6 11 11 11 11 11 11 11 10 10 10 10 10 10 10 10 7 
11 11 11 11 11 10 10 10 10 10 10 10 7 7 7 7 7 7 7 7 
