12 12 12 12 12 12 12 12 12 12 12 12 11 11 11 11 11 11 11 11 
12 2 2 2 2 2 2 2 2 2 2 12 13 13 13 13 13 13 13 11 
12 2 4 4 4 4 4 4 4 4 2 12 13 1 1 1 1 1 13 11 
12 2 8 8 8 8 1 1 1 4 2 12 13 1 7 7 7 1 13 11 
12 2 8 1 1 1 1 10 1 4 12 12 13 1 7 14 7 1 13 11 
12 2 8 1 5 5 5 10 1 4 4 13 13 1 7 14 7 1 13 11 
12 2 8 1 5 10 10 10 1 1 4 4 4 1 7 14 7 1 13 11 
2 2 8 1 5 10 7 7 7 1 1 1 1 1 7 14 7 7 13 11 
2 8 8 1 5 10 7 6 7 7 7 7 7 7 7 14 14 7 13 11 
2 8 1 1 5 10 7 6 6 6 6 6 6 6 6 6 14 7 13 11 
2 8 8 5 5 10 7 3 3 3 3 3 3 3 3 6 14 7 13 11 
2 2 8 5 10 10 7 3 5 2 2 13 13 13 3 6 14 14 13 11 
9 2 8 5 10 7 7 3 5 2 9 13 11 13 3 6 6 14 13 11 
9 2 8 5 10 7 10 3 5 2 9 13 11 13 3 3 6 14 13 11 
9 2 8 5 10 10 10 3 5 2 9 13 11 13 6 3 6 14 13 11 
9 2 8 5 3 3 3 3 5 2 9 13 11 13 6 3 6 6 13 11 
9 2 8 5 5 5 5 5 5 2 9 13 11 13 6 3 3 6 13 11 
9 2 8 8 8 8 8 2 2 2 9 13 11 13 6 6 6 6 13 11 
9 2 2 2 2 2 2 2 9 9 9 13 11 13 13 13 13 13 13 11 
9 9 9 9 9 9 9 9 9 13 13 13 11 11 11 11 11 11 11 11 
